Epsilons    0.1    0.2    0.3    0.4    0.5    0.6    0.7    0.8    0.9    1.0
First clustering    131.001910925    77.0012090206    45.3987340927    37.4213662148    27.5567071438    26.513160944    22.3668820858    21.8583679199    18.7729129791    18.0785310268
Operation 499    113.338057995    56.9238483906    37.7899583817    30.9047856808    28.0077706337    22.8035593987    20.0336165905    19.7370182991    16.073624754    18.2181000233
Operation 999    213.207618713    113.657069921    73.4007460117    62.4364827156    51.3205839157    41.6460953712    38.8728600025    37.4881231308    29.3309585094    31.4035839558
Operation 1499    330.94239521    178.898197889    111.144452238    97.60864501    79.1245826244    62.2154201031    57.0715861797    53.2876135826    48.4971260071    44.7868315697
Operation 1999    433.07440424    231.381376743    148.671792412    123.150924253    101.766142225    82.4150379658    74.6624486923    69.1891369343    61.8105904102    57.7278589725
Operation 2499    530.251636505    286.511991024    186.166468287    150.564158964    122.471130228    101.488489008    93.8496098995    82.0673226833    73.3259488583    71.8648015976
Operation 2999    627.310522556    334.945254803    221.058844948    181.418803501    143.590272522    125.654883242    108.402155447    94.2875813961    87.2673946857    88.5552622795
Operation 3499    720.168798208    382.246569872    256.422140265    205.728320169    167.007721519    143.001955843    126.245879698    112.752565336    100.124179029    99.0706371784
Operation 3999    810.005563974    427.467935801    287.904419327    232.583495188    189.45200119    160.161571598    142.157076406    127.626715136    115.616549873    109.984940004
Operation 4499    903.135973215    478.764724731    318.430892611    259.043090153    209.950809574    180.604402399    158.957621384    143.628809166    130.425854349    122.983329248
Operation 4999    1003.6692307    534.563832521    350.916346455    284.942435074    230.070288277    202.663378096    178.320730972    157.832694483    144.609456444    136.522030067
Operation 5499    1101.93941236    580.751930714    394.370511436    311.657288837    251.834854221    218.841238356    196.049593973    174.419611645    159.290960455    149.458609533
Operation 5999    1194.2019484    625.136411428    431.066229725    338.817328262    274.11948452    239.449218845    209.889907646    190.297645283    172.196523333    161.348283482
Operation 6499    1293.57071805    676.926824808    470.557906532    365.576058674    298.398250675    257.352243996    228.382641602    206.417608452    186.336125517    174.938850832
Operation 6999    1386.02813649    728.752935648    502.055611277    394.726933765    323.247057533    278.701898909    246.021072912    222.900457811    201.917846346    189.096035433
Operation 7499    1481.63166022    778.894930124    539.773594284    422.814680862    347.302182293    299.572149372    263.96858077    239.927332354    218.01067462    202.632976961
Operation 7999    1579.22389936    831.582675695    573.483786011    446.637444544    370.759342051    320.95605216    283.272560406    252.579122019    230.486450338    216.748807859
Operation 8499    1677.92389894    877.837863445    612.749931955    474.307922888    393.526441431    338.899205065    299.006830263    267.273210001    247.068495417    229.523255062
Operation 8999    1769.26118112    929.186646223    645.051283741    500.611215162    416.649374342    358.252819872    315.035184908    286.290111732    258.867933655    243.815314007
Operation 9499    1865.72932434    977.04656744    680.589935207    530.769662666    439.254982805    382.070485687    337.622838068    301.603131008    274.556941414    256.305186939
Operation 9999    1958.82835221    1028.66439843    715.044567728    560.505701113    461.145223475    402.002445555    352.927690315    318.605405521    289.06967845    269.954365921
Operation 10499    2011.1753335    1056.05108404    734.179875517    575.523516464    473.528564548    412.669315195    362.367466021    327.085718822    296.836702251    277.213422012
Operation 10999    2063.95024014    1083.6768651    753.49270072    590.660070229    486.010841465    423.431291199    371.894974041    335.63434453    304.641692305    284.537509632
Operation 11499    2116.53829169    1111.19965982    772.72565093    605.736201811    498.443085051    434.161807632    381.387086916    344.155387354    312.423250341    291.835801315
Operation 11999    2174.21592069    1141.38296819    793.819770241    622.288897562    512.067882156    445.9203969    391.796556997    353.506622505    320.969602728    299.840218258
Operation 12499    2243.31659842    1177.532722    819.077470684    642.130492735    528.396974421    459.990792847    404.271169472    364.720346165    331.203151131    309.436804962
Operation 12999    2312.38954115    1213.6878345    844.340832138    661.964476633    544.707689857    474.058589554    416.743435431    375.932522726    341.442039871    319.025365067
Operation 13499    2381.45540309    1249.82058096    869.595309401    681.818583536    561.017294025    488.121576405    429.209836054    387.14782114    351.67830267    328.606806707
Operation 13999    2450.53658319    1285.95509076    894.84455409    701.659610319    577.324405766    502.184392548    441.678016233    398.358269644    361.913706684    338.1954772
Operation 14499    2519.63569379    1322.10034394    920.088654184    721.508251953    593.638472176    516.258485651    454.150179672    409.579627943    372.147359753    347.781329107
Operation 14999    2588.70551491    1358.23458529    945.306594276    741.347026157    609.961002445    530.328549004    466.606121588    420.783722353    382.372764969    357.369921398
Operation 15499    2657.79256701    1394.3916471    970.560913706    761.192686844    626.284940815    544.398233271    479.065729189    431.991394949    392.604336643    366.955167484
Operation 15999    2726.93552947    1430.58379412    995.835793161    781.04823904    642.566234446    558.497644281    491.542061615    443.211379242    402.843264484    376.521153641
Operation 16499    2796.06094098    1466.75926495    1021.09432759    800.891374159    658.827516413    572.595355844    504.012860346    454.426811886    413.087283278    386.069231462
Operation 16999    2865.13196349    1502.90955806    1046.33357563    820.719095516    675.067865944    586.667523241    516.470348883    465.639412594    423.317784691    395.600213718
Operation 17499    2934.10665178    1539.0623045    1071.5350224    840.555572796    691.324259853    600.750421858    528.923178959    476.810049725    433.546044254    405.119415712
Operation 17999    3003.09218645    1575.30479527    1096.84712424    860.40985136    707.6125103    614.848948812    541.414885569    487.991622639    443.799882317    414.691579294
Operation 18499    3072.07502198    1611.5601871    1122.15362992    880.263496447    723.909782982    628.958012199    553.909520674    499.18352623    454.046581173    424.256507111
Operation 18999    3140.96407628    1647.76686168    1147.42403116    900.10323267    740.190369225    643.04240284    566.377472687    510.360083532    464.285637522    433.784995985
Operation 19499    3208.60359573    1683.3264029    1172.22271194    919.582455444    756.175990677    656.875903702    578.630469131    521.323718739    474.33958354    443.146159363
Operation 19999    3276.3025167    1718.92160606    1197.05714836    939.085501719    772.175155258    670.721074438    590.885460901    532.303816032    484.407930994    452.521292162
Operation 20499    3345.08525562    1755.07050109    1222.29979029    958.910715866    788.410008526    684.813110924    603.343087244    543.458006096    494.62876811    462.063613844
Operation 20999    3412.33249426    1790.39056206    1246.9413661    978.25744586    804.290273523    698.550838566    615.505720663    554.352555227    504.620690727    471.362796021
Operation 21499    3479.50887394    1825.57550764    1271.58460083    997.607235718    820.166759825    712.293125486    627.638689327    565.243823242    514.57804122    480.665059042
Operation 21999    3546.35319638    1860.57866144    1296.10591927    1016.85004191    835.971317625    725.973137236    639.703562307    576.075430822    524.471644783    489.943579149
Operation 22499    3613.1878345    1895.57090831    1320.62109604    1036.07906299    851.762081003    739.63696537    651.768504667    586.910666895    534.373537683    499.21601696
Operation 22999    3680.01262236    1930.56613564    1345.13350334    1055.31705241    867.555683708    753.308996058    663.833843756    597.741709661    544.267212534    508.49845047
Operation 23499    3746.83966684    1965.56746531    1369.68329992    1074.56064539    883.353955841    766.997232771    675.902085352    608.578525257    554.164080286    517.779357624
Operation 23999    3813.81571627    2000.63580537    1394.2623426    1093.83996897    899.187113619    780.701522684    687.992866802    619.434524488    564.079480076    527.082899761
Operation 24499    3880.83766794    2035.72839808    1418.84972205    1113.14237981    915.031750298    794.413523769    700.091975975    630.293409061    574.008244181    536.392726135
Operation 24999    3947.91163301    2070.82998872    1443.44912281    1132.44280915    930.873010254    808.13684783    712.194230843    641.167643499    583.932493591    545.698419285
Operation 25499    4015.02702785    2105.94827843    1468.05402412    1151.75675683    946.73853097    821.860055304    724.311374235    652.043311787    593.870883846    555.002518845
Operation 25999    4082.10503697    2141.07217813    1492.63270679    1171.03945308    962.59158597    835.581057405    736.417050171    662.917674255    603.804254436    564.310742569
Operation 26499    4149.13454247    2176.16745853    1517.13551822    1190.3030942    978.443151093    849.256995058    748.51562171    673.784045172    613.73976841    573.587152195
Operation 26999    4216.22286773    2211.27831793    1541.65375128    1209.56270962    994.295266485    862.939509964    760.621702003    684.659498167    623.678100252    582.8824646
Operation 27499    4283.37054324    2246.41764808    1566.20755067    1228.82886271    1010.15420518    876.633312321    772.737780619    695.537373972    633.617584848    592.19248147
Operation 27999    4350.5182097    2281.56861043    1590.75627532    1248.09944038    1026.01286325    890.319288349    784.855655718    706.424570036    643.556928301    601.505378199
Operation 28499    4417.6735847    2316.70882177    1615.30508842    1267.35855274    1041.87152896    904.002848244    796.976824808    717.303918552    653.502779627    610.820445251
Operation 28999    4484.81562448    2351.83767033    1639.86973252    1286.6196311    1057.73545227    917.691956377    809.089597273    728.18857069    663.439792299    620.130878639
Operation 29499    4552.00961995    2386.97667718    1664.42232409    1305.88415866    1073.60247836    931.380525923    821.209698963    739.077532482    673.385388756    629.458178234
Operation 29999    4619.14635873    2422.10394549    1688.97338667    1325.14448123    1089.45910225    945.067860222    833.324745941    749.950411749    683.325079346    638.77895565
Operation 30499    4686.27652526    2457.22988844    1713.51881709    1344.40221982    1105.33297787    958.760480261    845.437735128    760.825567675    693.272475386    648.095650864
Operation 30999    4753.2326839    2492.24911094    1738.00437202    1363.61574249    1121.14690075    972.417510843    857.515617418    771.673081589    703.182244205    657.389427137
Operation 31499    4820.12434816    2527.25206757    1762.47563114    1382.81263285    1136.94369636    986.052966452    869.585492897    782.509462547    713.082660818    666.673507881
Operation 31999    4887.01887345    2562.25399446    1786.92668476    1401.99710183    1152.76201186    999.699710226    881.663536835    793.338870955    722.987105036    675.957241964
Operation 32499    4953.81907988    2597.20948815    1811.35365262    1421.16899042    1168.54631028    1013.32136879    893.719125795    804.165109348    732.883052969    685.233662081
Operation 32999    5020.63143229    2632.18069267    1835.77513828    1440.32998924    1184.3255528    1026.94417939    905.768934774    814.987598848    742.769843245    694.495381546
Operation 33499    5087.54294419    2667.18734145    1860.22861567    1459.53284364    1200.14198837    1040.59047709    917.83842473    825.827586126    752.673821115    703.775747013
Operation 33999    5154.55433822    2702.28459072    1884.73069324    1478.75517468    1215.96272168    1054.25049338    929.927533197    836.685225677    762.605829144    713.067318153
Operation 34499    5230.45355964    2742.22472334    1912.58064904    1565.38021593    1233.98080645    1069.70430217    943.680037546    849.0368361    773.861942434    723.557389688
Operation 34999    5314.21298552    2786.22767925    1943.59808388    1589.37323003    1253.81466303    1086.87170014    958.812402296    862.518533421    786.202721262    735.080076647
Operation 35499    5397.67281532    2829.79185414    1974.14842238    1613.22484903    1273.65833673    1103.96466527    973.80670433    876.005357695    798.577191973    746.658117485
Operation 35999    5479.88308144    2872.82475948    2004.21301832    1636.80137496    1293.08310733    1120.68973289    988.69392972    889.374571276    810.780211592    758.054891062
Operation 36499    5558.53982615    2913.95076776    2032.79884043    1659.37954645    1312.87686    1136.72612057    1002.8595324    902.155838442    822.412419224    768.953479481
Operation 36999    5638.31533504    2955.7883625    2061.93953552    1682.31884818    1331.71541247    1152.95597539    1017.25961881    915.032760811    834.209238434    780.064212275
Operation 37499    5723.27772021    3000.59509611    2093.58464684    1706.71746497    1351.83042822    1170.45795927    1032.67006092    928.726004791    846.802059793    791.983040285
Operation 37999    5810.99609566    3046.11738753    2125.28046813    1731.91457682    1372.29411707    1188.36316881    1048.32552247    943.142018747    859.493418121    804.136570644
Operation 38499    5894.05229998    3089.84411001    2155.63507118    1755.54236321    1392.14596877    1205.3905736    1063.4141541    956.615374041    871.719908381    815.709933233
Operation 38999    5973.52867937    3131.63635325    2184.80438151    1778.31262403    1411.15523586    1221.59890852    1077.8961566    969.468353701    883.495034361    826.733960581
Operation 39499    6053.95903134    3173.96504116    2214.49056926    1801.44442539    1430.3802825    1238.00303874    1092.44711618    982.531548214    895.592573309    837.94357152
Operation 39999    6138.64097667    3217.94586492    2245.189855    1825.53894525    1450.04413447    1255.16913877    1107.55128341    996.119089079    908.009597921    849.530498934
Operation 40499    6222.79977608    3261.93226624    2275.99794807    1849.69988089    1469.99955068    1272.28950391    1122.90270643    1009.80049415    920.486153507    861.144302797
Operation 40999    6302.34122968    3303.34881711    2304.99940696    1872.49125509    1488.75126777    1288.55793843    1137.31717401    1022.80714841    932.317602777    872.121636581
Operation 41499    6383.67609096    3345.97486043    2334.74530115    1895.88238506    1507.9506248    1305.16512475    1152.00002317    1035.97566242    944.380193853    883.389229488
Operation 41999    6467.88499999    3389.93765783    2365.42446914    1919.88389521    1527.82805285    1322.31929979    1167.12496619    1049.47793312    956.805123711    895.006530952
Operation 42499    6552.57217431    3434.37175369    2396.41619506    1944.18895273    1547.95681295    1339.68813214    1182.28465586    1063.16768141    969.431604767    906.95157094
Operation 42999    6638.17041564    3479.33071804    2427.84760084    1969.03864174    1568.46125445    1357.29690037    1198.07834725    1077.21222324    982.225386524    918.968164635
Operation 43499    6730.17884278    3527.29469776    2461.53122201    1995.34932952    1590.38848481    1375.84477863    1214.77631192    1092.12630625    995.778953934    931.765038443
Operation 43999    6802.89576745    3565.28429365    2488.11408725    2016.23598056    1607.47489891    1390.72181115    1227.82424049    1103.81227751    1006.50381794    941.903950882
Operation 44499    6874.78706527    3602.86586666    2514.37827172    2036.83361106    1624.39890203    1405.36967478    1240.78829722    1115.47585578    1017.13096347    951.876491022
Operation 44999    6946.23684287    3640.3003397    2540.59107985    2057.31020932    1641.24110136    1419.94772134    1253.71825652    1127.01431317    1027.68979516    961.780301762
Operation 45499    7018.46362925    3678.27238226    2567.05843534    2078.09458475    1658.32275376    1434.70657835    1266.80352955    1138.72784896    1038.41791501    971.831332397
Operation 45999    7092.49548769    3716.9961679    2594.11782446    2099.37454824    1675.98000965    1449.81580887    1280.20942669    1150.76288862    1049.36911669    982.109816504
Operation 46499    7166.61221242    3755.63206744    2621.10746994    2120.66364818    1693.55305181    1464.92150602    1293.555584    1162.77946324    1060.33338799    992.503504467
Operation 46999    7245.5665288    3796.53193879    2649.77007904    2142.95053773    1712.08323798    1481.05859528    1307.57883244    1175.4185626    1071.86553493    1003.30430026
Operation 47499    7316.43687081    3833.64646626    2675.6577579    2163.29381495    1728.92329202    1495.49712214    1320.39593558    1186.88720746    1082.39998999    1013.12940259
Operation 47999    7387.20969844    3871.08436012    2701.52508345    2183.66505914    1745.66368494    1509.86986575    1333.17422299    1198.32381577    1092.88451042    1022.92868228
Operation 48499    7458.43193722    3908.34659672    2727.45154347    2204.11950259    1762.54400334    1524.38507519    1346.0393415    1209.86985989    1103.41826882    1032.79230685
Operation 48999    7529.54122043    3945.54249668    2753.48079171    2224.62802176    1779.35757146    1538.884446    1358.86599021    1221.37256975    1113.9746069    1042.68389363
Operation 49499    7599.70263028    3982.24131632    2779.10702076    2244.76821308    1795.91898212    1553.18148479    1371.54206781    1232.75390668    1124.3612031    1052.42215748
Operation 49999    7672.73573899    4020.55685449    2805.84076443    2265.64208107    1813.15605555    1568.0881444    1384.74554591    1244.59546895    1135.21232643    1062.55613823
Operation 50499    7745.94582224    4058.93427682    2832.60652509    2286.60399013    1830.49052105    1583.03093371    1398.04507093    1256.46036263    1146.06341615    1072.7243454
Operation 50999    7828.9886632    4102.42426777    2862.75086465    2310.39291101    1850.0515934    1599.86040459    1412.99552755    1269.95750375    1158.36904469    1084.19695039
Operation 51499    7903.12637854    4141.0371871    2889.79460659    2331.45870166    1867.47916923    1614.89687834    1426.2367404    1281.84905381    1169.25416508    1094.42066498
Operation 51999    7972.12857127    4177.13386679    2914.99875822    2351.24396329    1883.81308637    1628.95799575    1438.69629507    1293.01748915    1179.45703783    1103.98756356
Operation 52499    8044.73679209    4215.26720786    2941.62739244    2372.07356958    1901.02992187    1643.77210817    1451.85699825    1304.80609579    1190.22205844    1114.16357417
Operation 52999    8120.91616011    4255.3197    2969.5935091    2394.12574344    1919.09490809    1659.3854588    1465.5631979    1317.20397015    1201.54444923    1124.73195
Operation 53499    8190.35308647    4291.70594597    2995.00869932    2414.06665521    1935.57168922    1673.5675796    1478.11646919    1328.44074602    1211.8221108    1134.36524696
Operation 53999    8259.66020942    4327.96448398    3020.34260669    2433.93332105    1952.00693593    1687.73941813    1490.59013181    1339.65188737    1222.09011617    1143.99262114
Operation 54499    8328.59536648    4364.03697586    3045.5490922    2453.72824697    1968.35032425    1701.79698215    1503.03143458    1350.81447263    1232.29627457    1153.57565279
Operation 54999    8397.62840509    4400.17040634    3070.8051137    2473.5295053    1984.75063047    1715.87141452    1515.49775701    1361.99573464    1242.52700129    1163.1548769
Operation 55499    8467.28989649    4436.57930231    3096.25927033    2493.52428298    2001.24259958    1730.06266866    1528.06180148    1373.29357619    1252.82638969    1172.84035058
Operation 55999    8536.47902012    4472.80645227    3121.5592772    2513.35742693    2017.61389575    1744.17154751    1540.53481178    1384.51328487    1263.06551542    1182.44115753
Operation 56499    8607.16239929    4509.82075977    3147.42091408    2533.63396745    2034.36843476    1758.58964214    1553.30915742    1395.95532937    1273.53755631    1192.24032445
Operation 56999    8678.56548405    4547.20117545    3173.54053416    2554.11945491    2051.29210982    1773.16341243    1566.19297128    1407.5226347    1284.11407247    1202.155724
Operation 57499    8752.12072253    4585.60909891    3200.41259446    2575.21324711    2068.74449668    1788.14591823    1579.41470366    1419.41348262    1294.98189082    1212.33971591
Operation 57999    8825.53504276    4624.02135444    3227.25554719    2596.27846437    2086.10415039    1803.09139595    1592.65709429    1431.31305499    1305.84372225    1222.54940481
Operation 58499    8899.81664395    4662.91230321    3254.43089118    2617.58840423    2103.6783515    1818.23636255    1606.05054502    1443.34175653    1316.84732666    1232.85775299
Operation 58999    8975.26458645    4702.36786842    3282.00265183    2639.28235679    2121.56445775    1833.62290344    1619.67219739    1455.57032795    1328.03509274    1243.33495183
Operation 59499    9053.16426063    4743.1031661    3310.36873736    2661.68558125    2139.99886403    1849.44328127    1633.73856597    1468.21479983    1339.61630716    1254.14043994
Operation 59999    9138.53738213    4787.14200568    3341.32882681    2686.75914793    2160.39461932    1866.79762444    1649.20540743    1482.33670254    1352.09526172    1266.10891314
