Epsilons    0.1    0.2    0.3    0.4    0.5    0.6    0.7    0.8    0.9    1.0
First clustering    150.657045841    78.0865190029    55.0744490623    42.7105882168    35.8099560738    30.6126089096    26.7500879765    24.4248070717    21.9822821617    21.0984539986
Operation 499    96.2387173176    46.8725576401    35.7681867123    29.5477867603    24.2940367222    18.1408296585    16.459318924    15.5836741447    14.4463111401    15.0064608574
Operation 999    189.459890127    97.3994224072    70.7068780899    56.6836853504    44.6664377213    38.7484515667    33.2806652069    34.4658903599    28.7934109211    26.7184588432
Operation 1499    287.723146677    148.95906496    103.542800093    83.6925662041    64.8862083912    57.1246264935    50.010299015    49.744046402    42.5239635944    38.2232794285
Operation 1999    374.840431929    195.732566595    135.444481516    109.910211372    88.2425948143    74.531466341    68.3860118866    65.2441195965    57.293435955    52.2035552979
Operation 2499    466.639684916    252.702326059    166.411415958    136.800777006    110.546419477    92.1436537266    81.9867845058    79.6139215946    72.3740188122    65.0645763397
Operation 2999    560.259737253    300.491724253    204.233656311    161.629472065    132.396721458    113.354603863    99.9939089298    95.1071056843    87.4347082615    76.5467710018
Operation 3499    654.993362665    350.595773935    239.969252491    188.654253054    156.274484253    133.040789223    116.631634045    109.39875598    100.261003637    87.5456468582
Operation 3999    750.111819029    396.72658968    275.544126415    215.07543807    179.323819256    151.132482147    135.064221907    127.133217525    114.928813839    104.154908133
Operation 4499    840.954324484    443.296624422    309.849923515    241.309569168    201.192504025    170.084561443    151.391947317    143.448850822    129.904379034    117.294893932
Operation 4999    937.092739582    491.921865463    342.119155788    267.810188818    222.351960278    187.866910076    168.129124451    157.727534485    143.477687979    127.228309584
Operation 5499    1029.09064937    537.642509699    372.921492243    293.094559002    243.041140175    207.797839499    185.779079485    174.869119835    156.021335745    140.090644312
Operation 5999    1123.56738639    583.884266853    407.619744444    315.238234568    269.241033173    227.640474415    203.722070742    190.847000313    170.558793449    152.971183729
Operation 6499    1215.96059442    635.078957796    441.504049444    343.740798283    290.260794258    246.867946959    221.098582792    205.219331694    185.781371498    164.926949453
Operation 6999    1315.21039534    686.095709801    475.558536911    376.258373308    312.513929701    265.991517162    237.406845856    219.035018873    198.366316462    179.126293373
Operation 7499    1425.44232106    741.057260513    512.899992132    409.698681402    335.573392725    285.347121096    258.340880919    235.611879778    214.310843849    194.110790682
Operation 7999    1537.31335616    798.669307709    555.373068237    442.350041437    361.466007328    309.769025421    277.213286448    254.6433465    230.395224476    210.130491686
Operation 8499    1644.22515249    857.658936739    595.304961348    475.595990705    389.144887304    332.738486385    296.430245209    272.748995495    246.38170948    226.094682407
Operation 8999    1749.54507422    911.155797005    635.865065718    506.45760994    413.531760311    354.663967943    315.354282904    289.894820166    261.466777229    240.078767967
Operation 9499    1856.56620455    967.552900553    675.434767151    534.242630529    439.294312811    376.879700518    335.58885746    306.241035175    277.909055614    254.184616518
Operation 9999    1968.31097031    1025.71885085    714.17140522    562.706452894    464.896625376    401.592750883    354.814839649    323.362437201    295.202857637    268.22306056
Operation 10499    2080.57046437    1080.44987273    759.629377985    597.296458769    489.669057941    425.140581226    374.216274786    339.328552437    311.312764311    284.100479555
Operation 10999    2194.74002385    1141.02402353    800.294343138    631.143194962    516.285592175    448.57036314    393.785479355    357.644327593    328.656014585    299.749721956
Operation 11499    2305.25134802    1199.90626502    839.412701035    662.852968502    540.569320297    470.196088409    416.090749788    374.028525543    343.179959917    314.083020878
Operation 11999    2422.71655583    1253.40456152    3086.18479171    693.605145741    566.866711235    495.504561996    436.17179184    390.407013369    359.575920725    331.264174175
Operation 12499    2534.99860692    1311.36624217    3125.07602015    720.835827875    593.208064175    519.613887167    455.224030781    411.05168767    375.372975969    345.976285648
Operation 12999    2643.13954806    1372.66710687    3168.5922853    753.509346771    619.693512535    541.423692799    475.89194684    428.93323679    391.358872318    362.053662491
Operation 13499    2758.07865    1434.04331183    3209.60299268    788.996994066    646.441120243    564.069535112    494.320521641    446.357175064    406.935929441    376.837491226
Operation 13999    2861.59132838    1495.32334828    3252.49377241    823.233478355    672.156114912    588.469451046    515.561516094    462.755576801    424.321640396    392.299611282
Operation 14499    2972.4449656    1556.94706297    3291.44914904    853.865592051    698.645840502    610.297715044    538.346187401    480.014602613    441.605746651    408.148055506
Operation 14999    3117.2638979    1632.04476404    3342.91260042    892.282603788    734.779972887    636.56189332    563.559947062    504.146852207    461.528406286    430.391799641
Operation 15499    3217.6614325    1685.22775292    3379.66764274    921.068586159    758.409136152    657.21999321    581.595626879    520.438521099    476.450939322    444.145197821
Operation 15999    3300.35631132    1728.40013003    3409.85155239    944.764496374    777.934681034    674.047214127    596.503826189    533.8339674    488.693930531    455.61539669
Operation 16499    3382.509758    1771.38865495    3439.87784543    968.355214882    797.364497995    690.814543104    611.328292656    547.159968567    500.873505259    467.022714806
Operation 16999    3465.50146818    1814.80366158    3470.20435443    992.166974115    816.9608253    707.732601023    626.326897907    560.612964344    513.17066803    478.541732502
Operation 17499    3547.56448722    1857.70202565    3500.19303598    1015.72602062    836.343622065    724.452966309    641.134477186    573.91501255    525.319909716    489.936206055
Operation 17999    3629.68730307    1900.6314795    3530.18166318    1039.28296952    855.761895275    741.172084427    655.947949696    587.222189617    537.480568075    501.335591269
Operation 18499    3711.66927457    1943.54644632    3560.18130627    1062.80082469    875.127851582    757.904002285    670.751247454    600.499535275    549.616213465    512.716659737
Operation 18999    3819.96223092    1999.93394947    3600.18872371    1094.25487857    900.913909531    780.134017801    690.585537481    618.099496078    565.813547277    527.827714396
Operation 19499    3923.9404223    2052.93867397    3637.61811032    1123.91493993    925.665005064    801.132733679    709.130880404    634.85792799    580.896822357    542.38921566
Operation 19999    4007.39498997    2096.59659386    3668.16571226    1147.86980777    945.413815117    818.140600777    724.220368433    648.388398838    593.263182545    553.979013157
Operation 20499    4091.00223017    2140.37529612    3698.73294082    1171.86375623    965.178570843    835.200639582    739.306482601    661.928500366    605.665811682    565.569881153
Operation 20999    4175.42779326    2184.59457636    3729.60879412    1196.08779411    985.162523842    852.404311275    754.541645098    675.636502457    618.174831533    577.274907541
Operation 21499    4258.70449495    2228.1852479    3760.06426492    1220.00125175    1004.88760314    869.388520098    769.567648935    689.160455418    630.534721041    588.852702093
Operation 21999    4342.13347507    2271.84649873    3790.56681671    1243.92886024    1024.62812791    886.386335707    784.626100349    702.681498241    642.887492323    600.432050419
Operation 22499    4425.67671943    2315.57668424    3821.13303223    1267.91727381    1044.39200363    903.414004183    799.702802944    716.227705193    655.266218567    612.026375246
Operation 22999    4509.28489876    2359.27946377    3851.71123257    1291.9049366    1064.15460882    920.461092806    814.761544514    729.777029943    667.644958401    623.62869854
Operation 23499    4592.91678333    2403.29907322    3882.2586719    1315.90314894    1083.93616138    937.506098366    829.935807276    743.332566929    680.012800598    635.226026011
Operation 23999    4697.95338655    2447.10977888    3912.86973538    1339.95438104    1103.73152719    954.587466097    845.057579327    756.903255892    692.413532639    646.847884607
Operation 24499    4781.9661448    2491.04178882    3943.56129112    1364.02059369    1123.63680182    971.702225542    860.244778204    770.529325199    704.851747417    658.511987162
Operation 24999    4865.94200134    2535.00705791    3974.28776183    1388.08294826    1143.52408204    988.825912571    875.397337246    784.151393604    717.298017645    670.18482585
Operation 25499    4949.92442155    2579.00941968    4005.0471293    1412.23338251    1163.33378396    1005.92600427    890.556386757    797.76689167    729.772521877    681.836639357
Operation 25999    5034.08550978    2623.00026584    4035.81810036    1436.37386136    1183.27615056    1023.0774785    905.758276987    811.376544428    742.232951784    693.498124075
Operation 26499    5118.29862094    2667.04065871    4066.59073534    1460.5283814    1203.20619783    1040.22505126    920.98620491    825.008474064    754.736308479    705.168419313
Operation 26999    5204.43644357    2712.07300854    4098.03297844    1485.30543356    1223.53522811    1057.81044397    936.566547441    838.950898123    767.523726368    717.213678789
Operation 27499    5294.25226116    2759.1990962    4131.28016939    1511.14908414    1244.95018897    1076.35609756    952.825435448    853.461255741    780.793675804    729.602088165
Operation 27999    5377.03763795    2802.50062156    4161.55363812    1534.9179285    1264.53471336    1093.22794423    967.764864969    866.871881676    793.04884305    741.097778034
Operation 28499    5460.58683705    2846.2557714    4192.13782682    1558.8870738    1284.31149755    1110.2829915    982.877125788    880.408447218    805.423588896    752.700043154
Operation 28999    5543.17801809    2889.4656105    4222.35866847    1582.62333326    1303.85478959    1127.12176285    997.808829832    893.815249395    817.667824173    764.17266531
Operation 29499    5625.75864673    2932.72462368    4252.59641709    1606.3405767    1323.39530621    1143.96262798    1012.7443078    907.201565933    829.920820618    775.638247442
Operation 29999    5709.32480192    2976.48668242    4283.07478085    1630.31599598    1343.18102107    1160.97503195    1027.88047247    920.748248529    842.352308178    787.243674469
Operation 30499    5792.20644832    3019.86888385    4313.4049696    1654.10315399    1362.8062254    1177.88408742    1042.84224777    934.173796844    854.624333286    798.752567005
Operation 30999    5875.14006543    3063.21909189    4343.72297897    1677.9158576    1382.4119905    1194.79620872    1057.82128649    947.610014868    866.899037027    810.2604527
Operation 31499    5957.87994647    3106.48161793    4373.96046081    1701.64196639    1401.96193275    1211.649052    1072.75218325    961.000086021    879.150911474    821.736296844
Operation 31999    6041.37439537    3150.16576123    4404.45326104    1725.9922636    1421.74144182    1228.67538462    1087.85504179    974.542455864    891.558451557    833.301010084
Operation 32499    6123.93936419    3193.33563995    4434.63151636    1749.68167739    1441.27948556    1245.5024117    1102.76373248    987.915255976    903.772342348    844.772710276
Operation 32999    6206.64262915    3236.61911845    4464.86329975    1773.41642504    1460.82728038    1262.34667025    1117.72515349    1001.30861564    916.030395412    856.240809393
Operation 33499    6289.37802625    3279.8940928    4495.09016981    1797.14481859    1480.40487585    1279.21890841    1132.66698675    1014.71905274    928.286080503    867.738227558
Operation 33999    6372.77780318    3323.54522038    4525.57206287    1821.08495836    1500.10050783    1296.2041882    1147.71989088    1028.25254173    940.655934954    879.319977951
Operation 34499    6455.51671791    3366.8024323    4555.83345976    1844.90953617    1519.71997151    1313.09170828    1162.67082934    1041.7146997    952.911162043    890.86012454
Operation 34999    6538.04141784    3409.92644095    4586.2988018    1868.65575056    1539.24092183    1329.90643129    1177.55680637    1055.09182997    965.136413479    902.31944437
Operation 35499    6632.00136375    3459.52180386    4620.96228471    1895.77180581    1561.70039854    1349.27673635    1194.56104355    1070.23555465    979.117555523    915.483645391
Operation 35999    6725.79682446    3508.67110348    4655.26068869    1922.74049931    1583.96863041    1368.27807794    1211.47998099    1085.42919011    993.059037352    928.582855892
Operation 36499    6808.77676702    3552.00403666    4685.52902904    1946.524828    1603.5549346    1385.15902481    1226.42384105    1098.86439009    1005.31999149    940.066155148
Operation 36999    6891.44386005    3595.25396538    4715.750986    1970.2539454    1623.10643849    1402.00284657    1241.34428768    1112.25404329    1017.56588211    951.545641851
Operation 37499    6979.76436067    3641.78649354    4748.29751267    1995.84462719    1644.23396478    1420.08935175    1257.26077967    1126.65400357    1030.61487141    963.87019558
Operation 37999    7063.28391933    3685.52052283    4778.83731689    2019.81295447    1664.01202497    1437.12112961    1272.34015994    1140.18472285    1042.98584571    975.471510601
Operation 38499    7146.83628845    3729.2463305    4809.36691728    2043.80451827    1683.78075466    1454.15582094    1287.42663507    1153.7504477    1055.35570683    987.08938117
Operation 38999    7230.85223627    3773.13391209    4840.08094921    2067.91288571    1703.69204555    1471.29675779    1302.61205416    1167.38760991    1067.79829969    998.778561544
Operation 39499    7315.45775104    3817.54052663    4871.05553904    2092.26040988    1723.763589    1488.54943094    1317.98232465    1181.20008869    1080.37647929    1010.59784336
Operation 39999    7399.59634352    3861.62763119    4901.92150202    2116.40589862    1743.6078702    1505.65067945    1333.15233474    1194.79939122    1092.82231488    1022.2751462
Operation 40499    7482.83664083    3905.16500378    4932.39107289    2140.29551606    1763.28942261    1522.64739904    1348.18993788    1208.28082652    1105.13988986    1033.81805367
Operation 40999    7565.80317354    3948.57501245    4962.73303618    2164.12399487    1782.93600998    1539.58101568    1363.17610865    1221.7349884    1117.42154827    1045.33200998
Operation 41499    7649.41694617    3992.34590983    4993.32120266    2188.1099668    1802.72892246    1556.59992609    1378.292836    1235.27184649    1129.83212557    1056.94449801
Operation 41999    7738.40242457    4038.50074124    5025.66445508    2213.7925096    1823.73175178    1574.79938159    1394.27711134    1249.66273518    1142.89501848    1069.29617162
Operation 42499    7823.24123383    4083.04402733    5056.71760454    2238.03858356    1843.76256332    1592.13192687    1409.61342483    1263.37098117    1155.4727551    1081.03354473
Operation 42999    7906.28209066    4126.48813963    5087.08783784    2261.86645703    1863.41572986    1609.04579768    1424.61418705    1276.81988401    1167.77692904    1092.56992764
Operation 43499    8002.00187635    4176.97689891    5122.24613371    2289.63480096    1886.41085038    1628.62244425    1441.8294764    1292.4604773    1182.05754318    1106.08288522
Operation 43999    8097.64985394    4226.83280039    5157.1039175    2317.08007698    1909.10846601    1648.17063818    1458.99467616    1307.89964671    1196.13721623    1119.39892526
Operation 44499    8181.0113709    4270.409724    5187.59192505    2340.99073915    1928.87542496    1665.15262446    1474.05779033    1321.4177732    1208.4980866    1130.96088452
Operation 44999    8264.34180069    4313.99215317    5218.03771367    2364.89984827    1948.61053309    1682.16266427    1489.10111194    1334.91041465    1220.86199822    1142.53873701
Operation 45499    8347.60890555    4357.53285718    5248.47737851    2388.78391938    1968.3415216    1699.14873061    1504.14035754    1348.40505667    1233.19173708    1154.10519714
Operation 45999    8430.79630804    4401.05606246    5278.87451591    2412.63312225    1988.02182779    1716.44431481    1519.1701098    1361.89965076    1245.50650373    1165.66459007
Operation 46499    8513.37345266    4444.21238947    5309.08980384    2436.28892117    2007.52643309    1733.29207597    1534.04648833    1375.25239058    1257.71123281    1177.0965261
Operation 46999    14377.8465557    4487.82584929    5339.59069982    2460.22147779    2027.27107129    1750.29399261    1549.15348129    1388.77878494    1270.0341455    1188.67164059
Operation 47499    14459.9563539    4530.79471684    5369.61617007    2483.79723148    2046.72312865    1767.03961358    1563.98909526    1402.0915267    1282.20474019    1200.08214111
Operation 47999    14541.9587307    4573.67592025    5399.59795346    2507.32857995    2066.14896903    1783.75418673    1578.7962523    1415.38215132    1294.35507336    1211.46856351
Operation 48499    14624.595104    4616.89532495    5429.80172625    2531.04018908    2085.71690068    1800.61281023    1593.70649652    1428.74836202    1306.6032373    1222.9462008
Operation 48999    14706.4521713    4659.71968579    5459.72797408    2554.54175167    2105.10809169    1817.30248914    1608.51226788    1442.00786228    1318.75881543    1234.31677527
Operation 49499    14788.2922497    4702.56193018    5489.6823987    2578.05070405    2124.47528491    1833.98287783    1623.30566006    1455.27487631    1330.88655486    1245.69286819
Operation 49999    14870.213295    4745.42497587    5519.64252248    2601.55243711    2144.31176195    1850.68295441    1638.09745626    1468.55036612    1343.02131619    1257.06906528
Operation 50499    14952.2170167    4788.33810973    5549.62955942    2625.08018165    2163.73677144    1867.39275346    1652.90951853    1481.83233495    1355.16705647    1268.45490522
Operation 50999    15034.4451165    4831.34868789    5579.713241    2648.67671518    2183.2130929    1884.15273795    1667.76073341    1495.14739294    1367.34920182    1279.87859578
Operation 51499    15117.730689    4874.95979381    5610.19620624    2672.60249763    2202.94433293    1901.13112793    1682.82194715    1508.65075989    1379.70663323    1291.46096606
Operation 51999    15202.5018222    4919.30039763    5641.20791569    2696.93932967    2222.99940166    1918.40570531    1698.13308649    1522.38650579    1392.25921192    1303.2212152
Operation 52499    15288.6028447    4964.34073424    5672.71236005    2721.64795928    2243.35482202    1935.94998512    1713.7160161    1536.33832641    1404.99940839    1315.19352455
Operation 52999    15376.23523    5010.20684028    5704.75487509    2746.78578477    2264.08094559    1953.81837902    1729.54225473    1550.5609302    1417.97907963    1327.35903187
Operation 53499    15463.5612009    5055.86632228    5736.6983849    2771.85433512    2284.73875628    1971.61403856    1745.30496554    1564.71635885    1430.91190042    1339.48496838
Operation 53999    15553.4570522    5102.87486982    5769.53860011    2797.58441358    2305.95631251    1989.92074475    1761.54391532    1579.21140642    1444.2494482    1351.94011374
Operation 54499    15643.5584929    5150.02636933    5802.50635376    2823.44731669    2327.33203921    2008.26541171    1777.82104855    1593.81470604    1457.60232606    1364.45608993
Operation 54999    15735.6190052    5198.16597605    5836.14210596    2849.90811591    2349.17146168    2027.0269383    1794.45469122    1608.73819919    1471.24728551    1377.25307746
Operation 55499    15826.7930183    5245.87096763    5869.49150028    2876.0735517    2370.78069553    2045.6086596    1810.92851191    1623.52297087    1484.75803008    1389.92082853
Operation 55999    15919.0897074    5294.14468217    5903.24312749    2902.58002262    2392.6464468    2064.42681584    1827.59670262    1638.48388    1498.4274713    1402.74293466
Operation 56499    16012.6658597    5343.12136316    5937.48105683    2929.44036989    2414.81715093    2083.50568733    1844.50448041    1653.65137453    1512.29375782    1415.74729652
Operation 56999    16107.4041157    5392.69361877    5972.1177515    2956.64225225    2437.25523458    2102.80872426    1861.6101604    1669.00350065    1526.33210244    1428.90599008
Operation 57499    16203.1268427    5442.75865722    6007.10415163    2984.10370498    2459.88981757    2122.3144928    1878.8913744    1684.52040644    1540.51735272    1442.19259257
Operation 57999    16299.8351812    5493.32507277    6042.46405306    3011.86620789    2482.77192459    2142.02466116    1896.34975533    1700.19083138    1554.83234444    1455.62029595
Operation 58499    16397.6274233    5544.49183297    6078.23077264    3039.93755202    2505.90146503    2161.95280299    1914.00626307    1716.04222388    1569.31649461    1469.19414015
Operation 58999    16496.2642782    5596.1054945    6114.31717911    3068.25407224    2529.26108298    2182.06819329    1931.82310872    1732.02721686    1583.94265022    1482.90303273
Operation 59499    16595.5395687    5648.03423977    6150.6312007    3096.74425869    2552.77291045    2202.30621872    1949.75102787    1748.10935636    1598.6468245    1496.69306393
Operation 59999    16695.8028438    5700.47307992    6187.28992858    3125.51277523    2576.51211486    2222.74435387    1967.85766082    1764.35169001    1613.49991169    1510.62187262
Operation 60499    16796.9919715    5753.42039061    6224.29286113    3154.56637435    2600.48940191    2243.36615715    1986.13224487    1780.74774356    1628.48343554    1524.69655461
Operation 60999    16899.1219769    5806.83619332    6261.63325849    3183.8685184    2624.67699227    2264.18166099    2004.58278232    1797.30155964    1643.60902491    1538.88347621
Operation 61499    17002.2558401    5860.79831791    6299.37567296    3213.47229986    2649.10832152    2286.34464035    2023.21234636    1814.01498671    1658.8957912    1553.20537205
Operation 61999    17106.453002    5915.32217264    6337.48339405    3243.37072973    2673.77683673    2307.58038673    2042.02183704    1830.90250893    1674.32966485    1567.67600412
Operation 62499    17211.6128135    5970.32315087    6375.94097962    3273.56243734    2698.67902408    2329.02078638    2061.01933603    1847.94286437    1689.90649643    1582.28526397
Operation 62999    17317.8776195    6025.87571573    6414.78387752    3304.05898051    2723.838796    2350.66735086    2080.21053915    1865.15857358    1705.64142861    1597.04085631
Operation 63499    17425.193526    6081.99861979    6454.02518978    3334.85363512    2749.25189695    2372.53298554    2099.58975272    1882.54313107    1721.53315868    1611.95186419
Operation 63999    17533.5741963    6138.68136787    6493.65010991    3365.96354132    2775.3657268    2394.61422119    2119.16025834    1900.10814376    1737.58063164    1627.00337644
Operation 64499    17643.0914309    6195.98072314    6533.70029035    3397.39678745    2801.28592739    2416.9314929    2138.93547325    1917.8529541    1753.80147614    1642.22346087
Operation 64999    17753.6906056    6253.81678438    6574.15586128    3429.13726835    2827.45547566    2439.4702898    2158.91303592    1935.77017517    1770.1802906    1657.58321733
Operation 65499    17866.6027703    6312.83828545    6615.42864313    3461.55734663    2854.16307554    2462.4772471    2179.29090481    1954.07275171    1786.92165031    1673.32829661
Operation 65999    17950.6867411    6356.83594179    6646.17842474    3485.72722487    2874.06246982    2479.60196552    2194.47746091    1967.7212543    1799.38135948    1685.01280947
Operation 66499    18032.8043787    6399.79762721    6676.21917095    3509.31942825    2893.5185307    2496.33776722    2209.3163455    1981.03558941    1811.5483891    1696.43625684
Operation 66999    18115.2411711    6442.69209075    6706.18682017    3532.86253934    2912.93812523    2513.03476176    2224.13622122    1994.32810731    1823.69841948    1707.82799144
Operation 67499    18197.2859437    6485.65826559    6736.18732061    3556.42766194    2932.36364565    2529.75208173    2238.97189503    2007.6292922    1835.86347618    1719.23094506
Operation 67999    18279.2200763    6528.5213151    6766.1496655    3579.95052652    2951.76006613    2546.44734416    2253.78097134    2020.91610117    1848.00389662    1730.61489649
Operation 68499    18361.2044473    6571.4086895    6796.11517015    3603.46845727    2971.17069159    2563.16151509    2268.59317546    2034.19831152    1860.1551465    1741.99806137
Operation 68999    18443.401957    6614.41175365    6826.18113842    3627.06266694    2990.63536201    2579.92685518    2283.44079595    2047.51715751    1872.33381405    1753.4145288
Operation 69499    18526.3739636    6657.8289988    6856.53739347    3650.88077812    3010.27577171    2596.85810075    2298.4354847    2060.96935792    1884.62647476    1764.93574877
Operation 69999    18608.6185637    6700.86162901    6886.61382785    3674.48642759    3029.73710499    2613.63946781    2313.29064016    2074.28899164    1896.8112711    1776.34539647
Operation 70499    18690.9511788    6743.94856858    6916.73104062    3698.11678224    3049.2075356    2630.42657123    2328.16945224    2087.62699528    1909.01882186    1787.76553173
Operation 70999    18773.3454931    6787.07014894    6946.85984077    3721.75495653    3068.70258436    2647.22599468    2343.06972532    2100.97360773    1921.22460022    1799.19783421
Operation 71499    18855.7182276    6830.15668654    6976.98798194    3745.38223701    3088.17875705    2664.01840291    2357.95398335    2114.31971378    1933.43512025    1810.62081189
Operation 71999    18938.0484145    6873.24285245    7007.09888949    3768.99264865    3107.64643679    2680.8025032    2372.83292871    2127.65200419    1945.63768282    1822.04254956
Operation 72499    19020.4183769    6916.35270357    7037.21285477    3792.65335064    3127.13195047    2697.58611617    2387.72422628    2141.00298901    1957.83976736    1833.49571366
Operation 72999    19102.8622928    6959.52021885    7067.37194362    3816.31377606    3146.63159857    2714.39543114    2402.62624578    2154.3601572    1970.05836525    1844.94564624
Operation 73499    19185.1318111    7002.58319736    7097.46986046    3839.93869524    3166.08874116    2731.164152    2417.4947422    2167.69823499    1982.25154724    1856.36753316
Operation 73999    19267.4268253    7045.65978312    7127.57778015    3863.5775805    3185.56796012    2747.97797999    2432.36996989    2181.04247565    1994.45323553    1867.79767795
Operation 74499    19349.8707049    7088.79106474    7157.74085822    3887.24337678    3205.0813478    2764.77779803    2447.26480751    2194.39825554    2006.67553272    1879.24675865
Operation 74999    19432.2516315    7131.89651966    7187.86664739    3910.89292269    3224.56959257    2781.56424127    2462.14620833    2207.73965688    2018.87718525    1890.6864645
