Epsilons    0.1    0.2    0.3    0.4    0.5    0.6    0.7    0.8    0.9    1.0
First clustering    152.366091967    79.0750939846    58.0673639774    42.7943990231    35.4401760101    31.6055850983    26.4725289345    24.4203231335    21.6844930649    20.7181692123
Operation 499    96.1309530735    53.443166256    37.1033686638    30.4521363258    23.9041536808    19.2129333973    17.1611953259    14.2526280403    17.3373004436    16.7196392536
Operation 999    194.45067358    101.474212408    72.4453193188    58.8057823658    45.5822657108    36.6898957253    35.2364409447    27.3138601303    30.3739441872    29.0964030743
Operation 1499    289.868813515    147.346129894    105.773202324    86.1897037506    67.9899013996    58.390779829    52.53457551    44.5504476547    43.2311989307    41.6071762562
Operation 1999    385.586818695    193.86891675    140.675077105    111.511194992    92.1618309975    77.8073287964    70.7410688877    63.7257358551    59.3852650166    56.8588819027
Operation 2499    489.02367568    249.186192513    178.28723588    140.359889317    115.818323708    97.4961544037    86.7743931293    79.5640608788    74.5660857201    69.6492559433
Operation 2999    587.143980503    301.306777716    214.586333656    168.149100351    139.904592609    118.110849476    106.401676464    95.9043662071    90.0122443676    83.6001221657
Operation 3499    686.317100048    351.227600098    249.250640297    197.651801872    162.997117853    139.259039497    125.797184277    111.545408678    106.316795731    93.908783865
Operation 3999    788.021969795    398.845764399    283.506585264    225.860981274    188.103196239    159.064927673    142.150015879    127.580312204    120.667898321    107.22364397
Operation 4499    881.182574987    448.393266678    318.817268753    254.783297825    210.004225588    179.074637985    158.702391672    142.440769863    134.264542723    123.080244017
Operation 4999    975.532616138    498.153199911    353.346417093    280.662174511    232.847501135    198.034507608    176.769135761    157.008886051    147.194124842    136.03294034
Operation 5499    1069.94441795    548.58904314    389.624951982    306.358177233    256.165878391    216.687358713    193.0266469    171.898251486    162.11190834    147.704305124
Operation 5999    1159.03741074    604.68787384    421.491638565    336.027611065    277.051123714    234.259836054    209.638923931    188.892418814    175.367363358    160.200162125
Operation 6499    1258.27109313    656.600965023    457.108973169    362.755094099    301.878076172    252.251992083    229.30019598    206.051859331    235.294005299    175.286540461
Operation 6999    1381.17931008    716.452244759    493.841303253    393.230450439    326.405243254    278.647177315    247.429881382    226.301572514    251.440426731    190.621967268
Operation 7499    1503.64550352    779.582056284    537.435820723    430.398789454    354.56138072    305.838585711    270.345557737    244.378543091    269.052503967    208.377310705
Operation 7999    1623.48854756    843.494692087    584.832466745    466.948074865    382.742189264    328.963404989    292.476579237    264.842524004    285.233406687    227.592574072
Operation 8499    1740.03775167    902.325397491    623.983252192    499.293128061    411.529685354    349.456089592    312.885365057    285.291775179    300.385420704    242.336405468
Operation 8999    1852.12354159    958.984832764    664.233972931    530.0091465    437.461362219    371.899603224    333.320157576    303.117732716    317.493060017    259.137672138
Operation 9499    1963.66849566    1018.6584661    703.368943834    565.723282146    466.886250353    396.898549891    353.836438227    319.831388426    333.063711786    274.818755102
Operation 9999    2080.98020434    1079.94022942    745.829624796    597.630536127    494.102752542    424.519030428    375.965367365    337.500153255    350.070896292    289.257995081
Operation 10499    2195.06044388    1142.70686102    787.080338383    628.026016521    519.0281497    448.362886763    397.325045156    358.009309006    366.127250338    304.810470772
Operation 10999    2315.49873447    1209.1305778    831.796444321    662.269094038    547.701495743    473.179963923    419.832059431    377.655687523    382.050538683    321.946398211
Operation 11499    2424.45400667    1265.84911871    873.450942898    693.212549973    573.328780985    496.729404783    441.769352007    395.052100372    398.635387325    336.337027502
Operation 11999    2536.58423829    1322.79172802    916.312858009    725.206659603    599.08300004    519.799240685    462.046971846    413.253211212    414.342485571    351.437825871
Operation 12499    2647.7777257    1382.79821658    956.913893366    757.60885005    623.388171291    541.596773005    481.178522158    431.441453648    432.467340374    366.022542429
Operation 12999    2760.89491343    1445.1622951    998.128468895    788.545820761    651.647099829    564.76177249    499.315240908    451.802906227    449.604507351    382.988582802
Operation 13499    2875.10893941    1504.43251252    1042.06884136    820.932783651    677.817674732    586.648603773    518.768873262    468.161231947    467.198671722    398.912738037
Operation 13999    2996.63979459    1567.05711842    1090.24747505    853.61159687    707.217554903    612.117333269    539.01855998    489.163692427    488.129290009    415.310375404
Operation 14499    3109.95488858    1627.42148781    1132.25331297    887.039912748    733.549255943    635.863529539    558.240639257    507.423410368    508.532544041    429.107512665
Operation 14999    3227.16235256    1691.51639748    1178.15475168    920.322725105    758.429869032    659.867728329    580.050155449    527.538266373    525.457935953    445.944230509
Operation 15499    3315.06307435    1737.71776581    1210.38085308    945.56130271    779.239909983    677.874533987    595.997279215    668.326048326    538.512106323    458.147943687
Operation 15999    3405.71979952    1785.47572994    1243.64517822    971.592226791    800.752089596    696.429469204    612.459162998    683.11836381    552.065280104    470.7813272
Operation 16499    3496.47977734    1833.18145704    1276.97044911    997.67253046    822.22446928    715.010673618    628.95040803    697.957467031    565.585148954    483.462349129
Operation 16999    3585.22275925    1879.8009038    1309.54111376    1023.08167319    843.246449089    733.162618494    645.035691547    712.414297295    578.829986    495.773585749
Operation 17499    3671.76006222    1925.10886979    1341.22390046    1047.88372545    863.690825796    750.847128725    660.654959249    726.508675528    591.705414677    507.783786726
Operation 17999    3770.99238515    1976.98794937    1377.79743567    1076.48587804    887.236198282    771.160997009    678.590893793    742.579306078    606.365000391    521.605725718
Operation 18499    3861.41286659    2024.45722914    1410.89049401    1102.35313563    908.557123756    789.729570484    694.905547667    757.252084446    619.793547297    534.128870916
Operation 18999    3946.18069363    2068.96355152    1441.94593086    1126.61110215    928.551425314    807.078018284    710.297097731    771.060887766    632.404143953    545.918986988
Operation 19499    4031.81360316    2113.7407856    1473.35999193    1151.10519843    948.678458786    824.653555489    725.771577406    784.990610313    645.082191133    557.745708656
Operation 19999    4117.58592606    2158.75300241    1504.85433807    1175.67458587    968.938005066    842.195309973    741.293700027    798.942625713    657.823646927    569.657120419
Operation 20499    4203.5645299    2203.8881824    1536.52405419    1200.3023737    989.262254333    859.745231009    756.867490578    812.950418663    670.609736347    581.564137411
Operation 20999    4296.57175517    2252.87970829    1570.69641199    1227.15283828    1011.39655099    878.907234526    773.79512291    828.26362009    684.375010395    594.627530766
Operation 21499    4388.40917659    2301.04916716    1604.32867756    1253.41629033    1032.99200282    897.644303656    790.454368877    843.109633636    698.10210886    607.291319084
Operation 21999    4474.1935463    2346.27466941    1635.84817543    1278.16247063    1053.26367579    915.176790094    806.036932278    857.058787298    710.901112938    619.247075748
Operation 22499    4567.45230699    2395.58754921    1670.01058497    1305.37256317    1075.33852968    934.316151953    822.98865633    872.176114988    724.830215597    632.259477329
Operation 22999    4653.13002396    2440.30066776    1701.27140393    1329.94969444    1095.58708534    951.809731817    838.456998634    886.043915939    737.550733471    644.209158134
Operation 23499    4737.43177271    2484.07719064    1732.03607574    1354.12285666    1115.53667412    969.025044537    853.635725546    899.651585054    749.970426941    655.890581083
Operation 23999    4823.15733933    2528.94994903    1763.4267818    1378.7736011    1135.79415522    986.568950272    869.15539937    913.539530706    766.15231719    667.806122494
Operation 24499    4918.85057282    2578.9579525    1798.2947463    1406.1809762    1158.32730994    1005.81244478    886.342794704    928.864753914    780.266054296    681.109216404
Operation 24999    5013.15001798    2628.35124016    1832.88322153    1433.26125197    1180.70700297    1025.26209388    903.496460485    944.157143784    794.435524368    694.179568958
Operation 25499    5100.82201576    2674.15795135    1864.82567801    1458.42107253    1201.3112112    1043.09146485    919.265718508    958.293280315    807.421359444    706.307666969
Operation 25999    5185.91055942    2718.83419085    1895.91097655    1482.81748753    1221.45012031    1060.45899115    934.675384331    972.105218601    820.052507782    718.152966213
Operation 26499    5271.35330868    2763.73744774    1927.24363985    1507.36004095    1241.71740518    1077.89235172    950.120739269    985.893453312    832.707050943    730.045345974
Operation 26999    5357.66453838    2809.00079465    1958.86862841    1532.19094424    1262.12523184    1095.48497806    965.743630457    999.895137024    845.517869377    742.052941751
Operation 27499    5445.95049    2854.79954505    1990.92178478    1557.56038194    1282.92872128    1113.44336376    981.578393507    1014.1929266    858.504022026    754.392741871
Operation 27999    5537.06768751    2902.69337153    2024.20110788    1584.08425145    1304.60714254    1131.90195498    998.122660208    1029.02970524    872.138807201    767.0196702
Operation 28499    5623.9948194    2948.14546561    2055.97943916    1609.03248744    1325.69810352    1149.70252166    1013.81252961    1043.24237008    885.007891083    779.107857656
Operation 28999    5710.93629956    2993.80158186    2087.90620532    1634.03194551    1346.51400361    1167.51538215    1029.47519689    1057.44536419    897.972171211    791.191428137
Operation 29499    5796.87866163    3038.80928731    2119.33214655    1658.65824633    1367.05596695    1185.08817372    1045.0381649    1071.3685214    910.766131067    803.112051439
Operation 29999    5884.67758703    3084.85817003    2151.51536479    1683.85372858    1388.12882051    1203.04537568    1060.96487646    1085.63548822    923.788038397    815.365571213
Operation 30499    5973.16775608    3131.35856295    2183.93098607    1709.35432487    1409.33723626    1221.09331331    1076.93169312    1099.97364469    936.890544081    827.635204029
Operation 30999    6059.93000197    3176.61685085    2215.60370173    1734.0556684    1429.91792688    1238.78675447    1092.55959516    1114.02537436    949.704583549    839.617150021
Operation 31499    6144.10076427    3220.50921464    2246.30603733    1758.13298731    1450.03008971    1255.95312295    1107.72502713    1127.6293735    962.160190248    851.275375319
Operation 31999    6230.27757096    3265.70387006    2277.87914076    1782.90957098    1470.89723978    1273.54755673    1123.27866726    1141.57188435    987.826897526    863.232057047
Operation 32499    6314.44366002    3309.81711054    2308.6319088    1807.06532507    1490.92991123    1290.67981753    1138.468329    1155.22041674    1000.30368128    874.904592466
Operation 32999    6398.7041564    3353.83882689    2339.39697208    1831.19652276    1511.05222592    1307.85281429    1153.64781694    1168.86140747    1012.75678363    886.576283169
Operation 33499    6482.8098886    3397.87971711    2370.18496504    1855.35453372    1531.13875589    1324.98901758    1168.8310092    1182.5385222    1025.19796982    898.255318594
Operation 33999    6566.74489141    3441.7433145    2400.88152781    1879.45728998    1551.1357213    1342.12136803    1183.94429402    1196.14892979    1037.6238493    909.912741375
Operation 34499    6651.19760203    3485.89578319    2431.69695392    1903.65274625    1571.20015202    1359.33850346    1199.17546539    1209.83111162    1050.12431087    921.647037935
Operation 34999    6735.35984135    3529.91685867    2462.42348828    1927.82220368    1591.31022511    1376.50734839    1214.40065699    1223.47648044    1062.58015385    933.345506382
Operation 35499    6818.58927941    3573.47202373    2492.84344974    1951.73222857    1611.20820651    1393.47230754    1229.4375587    1236.97263212    1074.91113987    944.911711645
Operation 35999    6903.31263113    3617.59699512    2523.38143411    1975.92306476    1631.18971405    1410.72740612    1244.55465178    1250.55007548    1087.54476609    2356.43226976
Operation 36499    6986.75496745    3661.19743991    2553.84391084    1999.79861121    1650.95135055    1427.7501658    1259.59793954    1264.0587544    1099.90922418    2367.9944169
Operation 36999    7073.31038976    3706.4404037    2585.37558069    2024.62004666    1671.47047815    1445.37466702    1275.15107279    1278.06365128    1112.75410547    2379.9222662
Operation 37499    7159.64229512    3751.60593629    2616.99377265    2049.47714667    1692.22678504    1462.91318402    1290.7703939    1292.03557463    1125.55232015    2392.00831838
Operation 37999    7245.45615125    3796.74121046    2648.34194269    2074.32777171    1712.8200129    1480.38424144    1306.38712244    1306.05812974    1138.37924209    2404.03342838
Operation 38499    7332.02599645    3841.96587944    2680.10035338    2099.26836853    1733.38945851    1498.10708604    1322.04456072    1320.19456882    1151.14403238    2416.05232925
Operation 38999    7417.10316277    3886.5398407    2711.27643909    2123.65892439    1753.63369236    1515.42226944    1337.3898757    1334.02325888    1163.78660812    2427.89430161
Operation 39499    7504.68400025    3931.38271213    2742.73903885    2148.34608369    1774.06468306    1532.90877542    1352.92537551    1347.99683757    1176.48005786    2439.80602188
Operation 39999    7590.84320307    3976.4054842    2774.28015175    2173.01687031    1794.51763258    1550.53751836    1368.47846704    1361.94965906    1189.23501244    2451.72964926
Operation 40499    7675.9516499    4020.73910308    2805.38683453    2197.43407683    1814.71627483    1567.94775925    1383.76414995    1375.76411982    1201.7648119    2463.59164138
Operation 40999    7760.04788852    4064.73038197    2836.126511    2221.62632136    1834.72496448    1585.07834992    1398.95361071    1389.41246791    1214.21570506    2475.26443715
Operation 41499    7845.80870652    4109.51403403    2867.48356285    2246.23461275    1855.13921151    1602.62302504    1414.48815041    1403.33013792    1226.9073607    2487.20463963
Operation 41999    7929.5484426    4153.31508708    2898.09712067    2270.3005784    1874.94461904    1619.72243414    1429.61258082    1416.91437693    1239.32598677    2498.83878798
Operation 42499    8013.72762203    4197.38166595    2928.90135303    2294.46779256    1894.95435224    1636.89497862    1444.8185256    1430.5719151    1251.80117002    2510.53511138
Operation 42999    8096.44164968    4240.66142464    2959.1629745    2318.2019258    1914.50836835    1653.76844058    1459.76733236    1443.98150868    1264.05857291    2522.02643366
Operation 43499    8179.09235787    4283.90456939    2989.38743677    2341.9186583    1934.06970725    1670.65049229    1474.69120412    1457.39753885    1276.31576648    2533.50611491
Operation 43999    8261.7874856    4327.16034174    3019.62765255    2365.65288858    1953.61370692    1687.51821027    1489.6302002    1470.8033771    1288.56766167    2544.98984284
Operation 44499    8344.45936322    4370.42510509    3049.84650626    2389.37467437    1973.1787003    1704.38815222    1504.55243831    1484.20083876    1300.81224885    2556.47543259
Operation 44999    8427.08987164    4413.65356064    3080.05177584    2413.09082465    1992.71441445    1721.24233541    1519.47333746    1497.5968358    1313.06081071    2567.94764848
Operation 45499    8509.76793599    4456.9151175    3110.28209939    2436.82555466    2012.28285728    1738.12283049    1534.40214329    1511.01313252    1325.3134407    2579.42517538
Operation 45999    8592.37939477    4500.13234186    3140.50107827    2460.54120331    2031.8115438    1754.96981249    1549.30773883    1524.39783378    1337.56050601    2590.89864392
Operation 46499    8674.93383503    4543.32894278    3170.68133154    2484.23266606    2051.32321534    1771.80442915    1564.21737771    1537.7719192    1349.78621688    2602.37451167
Operation 46999    8757.38899684    4586.46702862    3200.8317646    2507.90468245    2070.81110439    1788.62548909    1579.10346608    1551.12537689    1362.00407114    2613.82927246
Operation 47499    8839.7163651    4629.54537582    3230.93347254    2531.54303293    2090.27302322    1805.41515574    1593.97082644    1564.47361083    1374.196345    2625.26804395
Operation 47999    8921.99228835    4672.5799284    3261.0318841    2555.15938978    2109.75816021    1822.18773875    1608.82594304    1577.81909652    1386.38601651    2636.69504757
Operation 48499    9004.26989055    4715.62315369    3291.12518182    2578.79466968    2129.20087347    1838.96120701    1623.67712479    1591.16752715    1398.57109299    2648.12160058
Operation 48999    9086.54986358    4758.65568042    3321.22596612    2602.42396502    2148.65089426    1855.73517308    1638.53345661    1604.51283712    1410.77022209    2659.54201193
Operation 49499    9168.82395506    4801.69355297    3351.31660714    2626.03216343    2168.09795675    1872.51390133    1653.39535456    1617.86473866    1422.95245018    2670.96500463
Operation 49999    9251.14698815    4844.76015282    3381.42876902    2649.65612679    2187.55265508    1889.30583248    1668.26052194    1631.22286911    1435.1486968    2682.397469
Operation 50499    9333.44674587    4887.82256603    3411.52339997    2673.27778463    2207.00948796    1906.08173404    1683.12606983    1644.56560631    1447.34299102    2693.83092971
Operation 50999    9416.05166507    4931.04722261    3441.7510325    2696.9832726    2226.5399991    1922.93513451    1698.04379778    1657.97107525    1459.58032551    2705.31875844
Operation 51499    9499.65198565    4974.80027628    3472.32892694    2720.98367076    2246.29170642    1939.96843204    1713.13504486    1671.51926513    1471.97253885    2716.93415804
Operation 51999    9584.19470668    5019.04058242    3503.25389733    2745.25344806    2266.27998767    1957.19843111    1728.40009837    1685.24126883    1484.48884931    2728.67800899
Operation 52499    9669.70672631    5063.79368401    3534.55213323    2769.83214073    2286.49502954    1974.63722548    1743.86098008    1699.09613533    1497.15021744    2740.56480403
Operation 52999    9756.30263424    5109.12775874    3566.23649659    2794.71180825    2306.98469791    1992.31091342    1759.4938386    1713.14861341    1509.98574843    2752.589112
Operation 53499    9844.00291991    5155.03625464    3598.25418153    2819.84696178    2327.73471222    2010.16107259    1775.30814152    1727.35634322    1522.95230761    2764.77181883
Operation 53999    9932.70856047    5201.451123    3630.71378508    2845.31337838    2348.70553479    2028.24589262    1791.34835081    1741.75445719    1536.09223428    2777.09890242
Operation 54499    10022.386364    5248.37356377    3663.50321665    2871.0913022    2369.90714679    2046.53410397    1807.56123619    1756.2924294    1549.37574306    2789.54362054
Operation 54999    10113.0796099    5295.81804538    3696.68213191    2897.10352736    2391.36422811    2065.014325    1823.92466097    1770.99755831    1562.81546774    2802.13586302
Operation 55499    10204.7580228    5343.78042197    3730.21002283    2923.41246657    2413.03158722    2083.71577535    1840.48024135    1785.86885138    1576.40661993    2814.86942334
Operation 55999    10297.4144268    5392.32526064    3764.08658018    2949.98071198    2434.98841033    2102.58552418    1857.28720551    1800.87049909    1590.18656268    2827.79182644
Operation 56499    10391.1150475    5441.37387013    3798.36822572    2976.87410479    2457.14575443    2121.6977695    1874.21244888    1816.08248038    1604.06645312    2840.80620141
Operation 56999    10485.8864181    5490.97233009    3833.01794233    3004.07254653    2479.54130802    2140.9999064    1891.30261927    1831.44961662    1618.11616292    2853.97876282
Operation 57499    10581.7806365    5541.1217382    3868.10551038    3031.58174639    2502.23769865    2160.54056463    1908.63609819    1846.99459286    1632.31346717    2867.29160352
Operation 57999    10678.629101    5591.80117416    3903.52760234    3059.36191182    2525.14206276    2180.270753    1926.14659743    1862.7023334    1646.65729632    2880.72975869
Operation 58499    10776.4467533    5642.99989295    3939.29859962    3087.45682435    2548.24792776    2200.21900544    1943.81317883    1878.56522555    1661.15554347    2894.30997987
Operation 58999    10875.3195894    5694.72595835    3975.46966615    3115.85536032    2571.59693894    2220.36327205    1961.66199307    1894.58037324    1675.82809319    2908.03598757
Operation 59499    10975.1913793    5746.97865081    4012.01829519    3144.54440336    2595.20263157    2240.72434769    1979.70594816    1910.75172467    1690.61923876    2921.89102669
Operation 59999    11076.0446775    5799.77083397    4048.90787783    3173.48316698    2619.03558693    2261.29228339    1997.91498952    1927.11979098    1705.55081882    2935.90428109
